dataset,encoder,target_domain,budget,method,repeat,combination,selected_sample_count,brier_score,oracle_brier,normalized_brier_regret,brier_rank,top_q,in_brier_top_q,target_a_proxy_rank
office_home,dinov2_b14,Art,1,bayesian_d,-1,Real World__block_03,1147,0.9654179079176908,0.9654179079176908,0.0,1,10,1,1
office_home,dinov2_b14,Art,1,collapse_4s,-1,Real World__block_03,1147,0.9654179079176908,0.9654179079176908,0.0,1,10,1,1
office_home,dinov2_b14,Art,1,domain_balance,-1,Real World__block_03,1147,0.9654179079176908,0.9654179079176908,0.0,1,10,1,1
office_home,dinov2_b14,Art,1,dpp_subspace,-1,Real World__block_03,1147,0.9654179079176908,0.9654179079176908,0.0,1,10,1,1
office_home,dinov2_b14,Art,1,effective_rank,-1,Real World__block_03,1147,0.9654179079176908,0.9654179079176908,0.0,1,10,1,1
office_home,dinov2_b14,Art,1,facility_subspace,-1,Product__block_01,1099,0.970654275679039,0.9654179079176908,0.005423938916404077,11,10,0,12
office_home,dinov2_b14,Art,1,kcenter_subspace,-1,Real World__block_03,1147,0.9654179079176908,0.9654179079176908,0.0,1,10,1,1
office_home,dinov2_b14,Art,1,random,0,Clipart__block_01,1077,0.9693125660202773,0.9654179079176908,0.004034168074411293,5,10,1,7
office_home,dinov2_b14,Art,1,random,1,Product__block_00,1142,0.9700546146358747,0.9654179079176908,0.004802797503709929,9,10,1,5
office_home,dinov2_b14,Art,1,random,2,Real World__block_02,1086,0.96564726052563,0.9654179079176908,0.00023756821378412738,2,10,1,2
office_home,dinov2_b14,Art,1,random,3,Product__block_03,1077,0.9705000505553248,0.9654179079176908,0.005264189317345209,10,10,1,11
office_home,dinov2_b14,Art,1,random,4,Clipart__block_03,1104,0.9695418786008246,0.9654179079176908,0.0042716948269882924,7,10,1,10
office_home,dinov2_b14,Art,1,random,5,Clipart__block_03,1104,0.9695418786008246,0.9654179079176908,0.0042716948269882924,7,10,1,10
office_home,dinov2_b14,Art,1,random,6,Product__block_00,1142,0.9700546146358747,0.9654179079176908,0.004802797503709929,9,10,1,5
office_home,dinov2_b14,Art,1,random,7,Clipart__block_02,1059,0.9696061948124328,0.9654179079176908,0.004338314900099333,8,10,1,9
office_home,dinov2_b14,Art,1,random,8,Product__block_03,1077,0.9705000505553248,0.9654179079176908,0.005264189317345209,10,10,1,11
office_home,dinov2_b14,Art,1,random,9,Product__block_02,1121,0.9706711129377736,0.9654179079176908,0.005441379300093466,12,10,0,8
office_home,dinov2_b14,Art,1,random,10,Clipart__block_02,1059,0.9696061948124328,0.9654179079176908,0.004338314900099333,8,10,1,9
office_home,dinov2_b14,Art,1,random,11,Clipart__block_02,1059,0.9696061948124328,0.9654179079176908,0.004338314900099333,8,10,1,9
office_home,dinov2_b14,Art,1,random,12,Clipart__block_00,1125,0.9695016586621142,0.9654179079176908,0.004230034175802378,6,10,1,6
office_home,dinov2_b14,Art,1,random,13,Product__block_02,1121,0.9706711129377736,0.9654179079176908,0.005441379300093466,12,10,0,8
office_home,dinov2_b14,Art,1,random,14,Clipart__block_02,1059,0.9696061948124328,0.9654179079176908,0.004338314900099333,8,10,1,9
office_home,dinov2_b14,Art,1,random,15,Real World__block_01,1065,0.9659668082394959,0.9654179079176908,0.0005685623990433574,4,10,1,4
office_home,dinov2_b14,Art,1,random,16,Product__block_02,1121,0.9706711129377736,0.9654179079176908,0.005441379300093466,12,10,0,8
office_home,dinov2_b14,Art,1,random,17,Real World__block_00,1050,0.9658456579240652,0.9654179079176908,0.0004430723760832438,3,10,1,3
office_home,dinov2_b14,Art,1,random,18,Real World__block_03,1147,0.9654179079176908,0.9654179079176908,0.0,1,10,1,1
office_home,dinov2_b14,Art,1,random,19,Real World__block_00,1050,0.9658456579240652,0.9654179079176908,0.0004430723760832438,3,10,1,3
office_home,dinov2_b14,Art,1,second_moment_mmd,-1,Real World__block_03,1147,0.9654179079176908,0.9654179079176908,0.0,1,10,1,1
office_home,dinov2_b14,Art,1,size,-1,Real World__block_03,1147,0.9654179079176908,0.9654179079176908,0.0,1,10,1,1
office_home,dinov2_b14,Art,1,spectrum_rank_l,-1,Real World__block_03,1147,0.9654179079176908,0.9654179079176908,0.0,1,10,1,1
office_home,dinov2_b14,Art,1,target_a,-1,Real World__block_03,1147,0.9654179079176908,0.9654179079176908,0.0,1,10,1,1
office_home,dinov2_b14,Art,1,target_energy,-1,Clipart__block_00,1125,0.9695016586621142,0.9654179079176908,0.004230034175802378,6,10,1,6
office_home,dinov2_b14,Art,3,bayesian_d,-1,Clipart__block_00|Real World__block_02|Real World__block_03,3358,0.9615708963419488,0.9614760406499735,9.865632419835567e-05,9,10,1,1
office_home,dinov2_b14,Art,3,collapse_4s,-1,Clipart__block_00|Product__block_00|Real World__block_03,3414,0.9622467019119078,0.9614760406499735,0.0008015397465476917,53,10,0,38
office_home,dinov2_b14,Art,3,domain_balance,-1,Clipart__block_00|Product__block_00|Real World__block_03,3414,0.9622467019119078,0.9614760406499735,0.0008015397465476917,53,10,0,38
office_home,dinov2_b14,Art,3,dpp_subspace,-1,Clipart__block_00|Product__block_00|Real World__block_03,3414,0.9622467019119078,0.9614760406499735,0.0008015397465476917,53,10,0,38
office_home,dinov2_b14,Art,3,effective_rank,-1,Clipart__block_00|Real World__block_02|Real World__block_03,3358,0.9615708963419488,0.9614760406499735,9.865632419835567e-05,9,10,1,1
office_home,dinov2_b14,Art,3,facility_subspace,-1,Clipart__block_01|Product__block_01|Real World__block_02,3262,0.9620841265716514,0.9614760406499735,0.0006324504157866073,30,10,0,75
office_home,dinov2_b14,Art,3,kcenter_subspace,-1,Clipart__block_00|Product__block_00|Real World__block_03,3414,0.9622467019119078,0.9614760406499735,0.0008015397465476917,53,10,0,38
office_home,dinov2_b14,Art,3,random,0,Clipart__block_01|Clipart__block_03|Product__block_01,3280,0.9637465834035472,0.9614760406499735,0.002361517768075449,157,10,0,208
office_home,dinov2_b14,Art,3,random,1,Clipart__block_01|Product__block_00|Product__block_01,3318,0.9642209914126373,0.9614760406499735,0.0028549341289962438,188,10,0,174
office_home,dinov2_b14,Art,3,random,2,Product__block_03|Real World__block_00|Real World__block_02,3213,0.9623835447522613,0.9614760406499735,0.0009438655399819482,105,10,0,54
office_home,dinov2_b14,Art,3,random,3,Clipart__block_00|Product__block_03|Real World__block_02,3288,0.9623019290778523,0.9614760406499735,0.000858979728002864,73,10,0,67
office_home,dinov2_b14,Art,3,random,4,Clipart__block_02|Clipart__block_03|Product__block_00,3305,0.963962637009797,0.9614760406499735,0.002586228106258927,177,10,0,181
office_home,dinov2_b14,Art,3,random,5,Clipart__block_02|Clipart__block_03|Real World__block_03,3310,0.9622500306897956,0.9614760406499735,0.0008050019003062395,55,10,0,126
office_home,dinov2_b14,Art,3,random,6,Product__block_00|Real World__block_00|Real World__block_03,3339,0.9623274721962994,0.9614760406499735,0.0008855462958290265,84,10,0,31
office_home,dinov2_b14,Art,3,random,7,Clipart__block_02|Product__block_01|Real World__block_02,3244,0.9623508482657803,0.9614760406499735,0.0009098589864136845,94,10,0,87
office_home,dinov2_b14,Art,3,random,8,Clipart__block_03|Product__block_03|Real World__block_01,3246,0.9623924991189825,0.9614760406499735,0.0009531786859602515,110,10,0,115
office_home,dinov2_b14,Art,3,random,9,Product__block_00|Product__block_02|Real World__block_01,3328,0.9638351949386923,0.9614760406499735,0.002453679747572258,163,10,0,152
office_home,dinov2_b14,Art,3,random,10,Clipart__block_02|Product__block_02|Real World__block_00,3230,0.962625230446404,0.9614760406499735,0.0011952349802223428,138,10,0,103
office_home,dinov2_b14,Art,3,random,11,Clipart__block_02|Real World__block_00|Real World__block_01,3174,0.9618872941442955,0.9614760406499735,0.00042773140144398606,26,10,0,30
office_home,dinov2_b14,Art,3,random,12,Clipart__block_00|Clipart__block_01|Real World__block_01,3267,0.9623990534192849,0.9614760406499735,0.0009599956008133302,112,10,0,129
office_home,dinov2_b14,Art,3,random,13,Clipart__block_00|Product__block_00|Product__block_02,3388,0.9645655417328258,0.9614760406499735,0.0032132897256220523,203,10,0,165
office_home,dinov2_b14,Art,3,random,14,Clipart__block_02|Clipart__block_03|Product__block_01,3262,0.9639527937827373,0.9614760406499735,0.002575990485513844,176,10,0,211
office_home,dinov2_b14,Art,3,random,15,Clipart__block_02|Product__block_00|Real World__block_01,3266,0.9625714346646309,0.9614760406499735,0.001139283734950805,132,10,0,95
office_home,dinov2_b14,Art,3,random,16,Clipart__block_00|Product__block_02|Real World__block_01,3311,0.9624591114003175,0.9614760406499735,0.0010224599561310048,125,10,0,90
office_home,dinov2_b14,Art,3,random,17,Clipart__block_00|Product__block_00|Real World__block_00,3317,0.9624887951120258,0.9614760406499735,0.0010533330205167166,128,10,0,72
office_home,dinov2_b14,Art,3,random,18,Clipart__block_00|Product__block_01|Real World__block_03,3371,0.962147876399444,0.9614760406499735,0.0006987545410037709,37,10,0,61
office_home,dinov2_b14,Art,3,random,19,Clipart__block_02|Real World__block_00|Real World__block_02,3195,0.961857620188792,0.9614760406499735,0.00039686848416992386,25,10,0,26
office_home,dinov2_b14,Art,3,second_moment_mmd,-1,Real World__block_00|Real World__block_01|Real World__block_03,3262,0.9618448320976364,0.9614760406499735,0.00038356800593135646,24,10,0,12
office_home,dinov2_b14,Art,3,size,-1,Clipart__block_00|Product__block_00|Real World__block_03,3414,0.9622467019119078,0.9614760406499735,0.0008015397465476917,53,10,0,38
office_home,dinov2_b14,Art,3,spectrum_rank_l,-1,Clipart__block_01|Product__block_00|Real World__block_03,3366,0.9621284341862572,0.9614760406499735,0.0006785333265742419,34,10,0,44
office_home,dinov2_b14,Art,3,target_a,-1,Clipart__block_00|Real World__block_02|Real World__block_03,3358,0.9615708963419488,0.9614760406499735,9.865632419835567e-05,9,10,1,1
office_home,dinov2_b14,Art,3,target_energy,-1,Clipart__block_00|Clipart__block_02|Clipart__block_03,3288,0.9654368088038774,0.9614760406499735,0.004119466306436871,216,10,0,217
office_home,dinov2_b14,Art,5,bayesian_d,-1,Clipart__block_00|Product__block_00|Real World__block_01|Real World__block_02|Real World__block_03,5565,0.9606431087233517,0.9603660846031591,0.0002884567922940179,64,10,0,5
office_home,dinov2_b14,Art,5,collapse_4s,-1,Clipart__block_00|Clipart__block_01|Product__block_00|Real World__block_02|Real World__block_03,5577,0.9606998198046557,0.9603660846031591,0.00034750831672122656,104,10,0,94
office_home,dinov2_b14,Art,5,domain_balance,-1,Clipart__block_00|Clipart__block_03|Product__block_00|Product__block_02|Real World__block_03,5639,0.9614647139841485,0.9603660846031591,0.0011439693660603837,548,10,0,433
office_home,dinov2_b14,Art,5,dpp_subspace,-1,Clipart__block_00|Clipart__block_03|Product__block_00|Real World__block_00|Real World__block_03,5568,0.960804626286975,0.9603660846031591,0.0004566401196864176,190,10,0,122
office_home,dinov2_b14,Art,5,effective_rank,-1,Clipart__block_00|Real World__block_00|Real World__block_01|Real World__block_02|Real World__block_03,5473,0.9604610749835166,0.9603660846031591,9.891059449146627e-05,12,10,0,1
office_home,dinov2_b14,Art,5,facility_subspace,-1,Clipart__block_01|Product__block_01|Real World__block_01|Real World__block_02|Real World__block_03,5474,0.9605063830066608,0.9603660846031591,0.00014608846121392247,17,10,0,27
office_home,dinov2_b14,Art,5,kcenter_subspace,-1,Clipart__block_00|Clipart__block_03|Product__block_00|Real World__block_00|Real World__block_03,5568,0.960804626286975,0.9603660846031591,0.0004566401196864176,190,10,0,122
office_home,dinov2_b14,Art,5,random,0,Clipart__block_01|Clipart__block_02|Clipart__block_03|Product__block_00|Product__block_01,5481,0.9625478417367768,0.9603660846031591,0.0022717973578994318,734,10,0,766
office_home,dinov2_b14,Art,5,random,1,Clipart__block_01|Clipart__block_02|Product__block_00|Product__block_01|Real World__block_03,5524,0.9613873967822176,0.9603660846031591,0.0010634613148386713,492,10,0,473
office_home,dinov2_b14,Art,5,random,2,Clipart__block_02|Product__block_01|Product__block_03|Real World__block_00|Real World__block_02,5371,0.9612951110172542,0.9603660846031591,0.0009673669541120684,423,10,0,398
office_home,dinov2_b14,Art,5,random,3,Clipart__block_00|Clipart__block_03|Product__block_03|Real World__block_02|Real World__block_03,5539,0.960735349945719,0.9603660846031591,0.0003845047721697337,134,10,0,114
office_home,dinov2_b14,Art,5,random,4,Clipart__block_02|Clipart__block_03|Product__block_00|Product__block_02|Real World__block_01,5491,0.9616026521743227,0.9603660846031591,0.001287600208908471,614,10,0,576
office_home,dinov2_b14,Art,5,random,5,Clipart__block_01|Clipart__block_02|Clipart__block_03|Product__block_01|Real World__block_03,5486,0.9611380235912201,0.9603660846031591,0.000803796594274806,332,10,0,627
office_home,dinov2_b14,Art,5,random,6,Product__block_00|Product__block_01|Product__block_03|Real World__block_00|Real World__block_03,5515,0.9620783193127872,0.9603660846031591,0.0017828979355676018,685,10,0,537
office_home,dinov2_b14,Art,5,random,7,Clipart__block_02|Product__block_01|Product__block_03|Real World__block_02|Real World__block_03,5468,0.9611789731586191,0.9603660846031591,0.0008464361335666319,363,10,0,275
office_home,dinov2_b14,Art,5,random,8,Clipart__block_00|Clipart__block_03|Product__block_01|Product__block_03|Real World__block_01,5470,0.9614981738208175,0.9603660846031591,0.0011788100764993114,568,10,0,651
office_home,dinov2_b14,Art,5,random,9,Clipart__block_01|Product__block_00|Product__block_02|Real World__block_01|Real World__block_02,5491,0.9610482736793323,0.9603660846031591,0.0007103427402427765,279,10,0,201
office_home,dinov2_b14,Art,5,random,10,Clipart__block_02|Clipart__block_03|Product__block_02|Product__block_03|Real World__block_00,5411,0.9616464768639684,0.9603660846031591,0.0013332335255658463,629,10,0,636
office_home,dinov2_b14,Art,5,random,11,Clipart__block_02|Clipart__block_03|Product__block_02|Real World__block_00|Real World__block_01,5399,0.9609089356658442,0.9603660846031591,0.0005652543039454186,243,10,0,370
office_home,dinov2_b14,Art,5,random,12,Clipart__block_00|Clipart__block_01|Clipart__block_02|Real World__block_01|Real World__block_02,5412,0.960827826792976,0.9603660846031591,0.00048079810107795715,207,10,0,416
office_home,dinov2_b14,Art,5,random,13,Clipart__block_00|Clipart__block_01|Clipart__block_02|Product__block_00|Product__block_02,5524,0.9627527512294362,0.9603660846031591,0.0024851633814862192,751,10,0,743
office_home,dinov2_b14,Art,5,random,14,Clipart__block_00|Clipart__block_02|Clipart__block_03|Product__block_01|Real World__block_01,5452,0.9613827010920023,0.9603660846031591,0.0010585718354093048,488,10,0,709
office_home,dinov2_b14,Art,5,random,15,Clipart__block_00|Clipart__block_02|Clipart__block_03|Product__block_00|Real World__block_01,5495,0.9614318866495252,0.9603660846031591,0.0011097872607678469,523,10,0,652
office_home,dinov2_b14,Art,5,random,16,Clipart__block_00|Clipart__block_01|Clipart__block_03|Product__block_02|Real World__block_01,5492,0.9613409049304007,0.9603660846031591,0.0010150507633184733,456,10,0,669
office_home,dinov2_b14,Art,5,random,17,Clipart__block_00|Product__block_00|Product__block_02|Real World__block_00|Real World__block_01,5503,0.9612889619685077,0.9603660846031591,0.0009609641366395432,420,10,0,284
office_home,dinov2_b14,Art,5,random,18,Clipart__block_00|Product__block_01|Product__block_02|Real World__block_01|Real World__block_03,5557,0.961131092862824,0.9603660846031591,0.0007965798375533879,326,10,0,252
office_home,dinov2_b14,Art,5,random,19,Clipart__block_02|Product__block_02|Real World__block_00|Real World__block_01|Real World__block_02,5381,0.960781796606809,0.9603660846031591,0.0004328682679601816,171,10,0,69
office_home,dinov2_b14,Art,5,second_moment_mmd,-1,Clipart__block_01|Real World__block_00|Real World__block_01|Real World__block_02|Real World__block_03,5425,0.9604136240829584,0.9603660846031591,4.9501414680778654e-05,5,10,1,2
office_home,dinov2_b14,Art,5,size,-1,Clipart__block_00|Clipart__block_03|Product__block_00|Product__block_02|Real World__block_03,5639,0.9614647139841485,0.9603660846031591,0.0011439693660603837,548,10,0,433
office_home,dinov2_b14,Art,5,spectrum_rank_l,-1,Clipart__block_00|Clipart__block_01|Product__block_00|Real World__block_00|Real World__block_03,5541,0.9607844353857242,0.9603660846031591,0.0004356159482016754,175,10,0,118
office_home,dinov2_b14,Art,5,target_a,-1,Clipart__block_00|Real World__block_00|Real World__block_01|Real World__block_02|Real World__block_03,5473,0.9604610749835166,0.9603660846031591,9.891059449146627e-05,12,10,0,1
office_home,dinov2_b14,Art,5,target_energy,-1,Clipart__block_00|Clipart__block_01|Clipart__block_02|Clipart__block_03|Real World__block_03,5512,0.9615549067949775,0.9603660846031591,0.0012378843972917016,599,10,0,729
office_home,dinov2_b14,Clipart,1,bayesian_d,-1,Real World__block_03,1150,0.9704195694087047,0.9704195694087047,0.0,1,10,1,1
office_home,dinov2_b14,Clipart,1,collapse_4s,-1,Real World__block_03,1150,0.9704195694087047,0.9704195694087047,0.0,1,10,1,1
office_home,dinov2_b14,Clipart,1,domain_balance,-1,Real World__block_03,1150,0.9704195694087047,0.9704195694087047,0.0,1,10,1,1
office_home,dinov2_b14,Clipart,1,dpp_subspace,-1,Real World__block_03,1150,0.9704195694087047,0.9704195694087047,0.0,1,10,1,1
office_home,dinov2_b14,Clipart,1,effective_rank,-1,Real World__block_03,1150,0.9704195694087047,0.9704195694087047,0.0,1,10,1,1
office_home,dinov2_b14,Clipart,1,facility_subspace,-1,Real World__block_02,1087,0.970654003692723,0.9704195694087047,0.0002415803343302478,3,10,1,3
office_home,dinov2_b14,Clipart,1,kcenter_subspace,-1,Real World__block_03,1150,0.9704195694087047,0.9704195694087047,0.0,1,10,1,1
office_home,dinov2_b14,Clipart,1,random,0,Product__block_02,1121,0.9721266583487113,0.9704195694087047,0.0017591246032339991,5,10,1,6
office_home,dinov2_b14,Clipart,1,random,1,Real World__block_00,1054,0.9705642326802439,0.9704195694087047,0.00014907291247993535,2,10,1,2
office_home,dinov2_b14,Clipart,1,random,2,Art__block_02,595,0.9737754251454013,0.9704195694087047,0.003458149281492127,11,10,0,11
office_home,dinov2_b14,Clipart,1,random,3,Art__block_02,595,0.9737754251454013,0.9704195694087047,0.003458149281492127,11,10,0,11
office_home,dinov2_b14,Clipart,1,random,4,Product__block_00,1142,0.9722414148583535,0.9704195694087047,0.0018773791327795382,6,10,1,5
office_home,dinov2_b14,Clipart,1,random,5,Product__block_03,1077,0.9723908807661507,0.9704195694087047,0.0020314010759770137,7,10,1,7
office_home,dinov2_b14,Clipart,1,random,6,Real World__block_03,1150,0.9704195694087047,0.9704195694087047,0.0,1,10,1,1
office_home,dinov2_b14,Clipart,1,random,7,Product__block_01,1099,0.9726053800566347,0.9704195694087047,0.002252438756219492,8,10,1,8
office_home,dinov2_b14,Clipart,1,random,8,Product__block_00,1142,0.9722414148583535,0.9704195694087047,0.0018773791327795382,6,10,1,5
office_home,dinov2_b14,Clipart,1,random,9,Art__block_00,608,0.973486265127479,0.9704195694087047,0.003160175057725782,10,10,1,10
office_home,dinov2_b14,Clipart,1,random,10,Product__block_01,1099,0.9726053800566347,0.9704195694087047,0.002252438756219492,8,10,1,8
office_home,dinov2_b14,Clipart,1,random,11,Real World__block_01,1066,0.9708681548691771,0.9704195694087047,0.00046225928929459974,4,10,1,4
office_home,dinov2_b14,Clipart,1,random,12,Art__block_03,582,0.973839619073026,0.9704195694087047,0.0035242999751181883,12,10,0,12
office_home,dinov2_b14,Clipart,1,random,13,Art__block_02,595,0.9737754251454013,0.9704195694087047,0.003458149281492127,11,10,0,11
office_home,dinov2_b14,Clipart,1,random,14,Art__block_03,582,0.973839619073026,0.9704195694087047,0.0035242999751181883,12,10,0,12
office_home,dinov2_b14,Clipart,1,random,15,Art__block_02,595,0.9737754251454013,0.9704195694087047,0.003458149281492127,11,10,0,11
office_home,dinov2_b14,Clipart,1,random,16,Real World__block_02,1087,0.970654003692723,0.9704195694087047,0.0002415803343302478,3,10,1,3
office_home,dinov2_b14,Clipart,1,random,17,Real World__block_02,1087,0.970654003692723,0.9704195694087047,0.0002415803343302478,3,10,1,3
office_home,dinov2_b14,Clipart,1,random,18,Art__block_01,642,0.9730154811711449,0.9704195694087047,0.002675040615701894,9,10,1,9
office_home,dinov2_b14,Clipart,1,random,19,Art__block_01,642,0.9730154811711449,0.9704195694087047,0.002675040615701894,9,10,1,9
office_home,dinov2_b14,Clipart,1,second_moment_mmd,-1,Art__block_00,608,0.973486265127479,0.9704195694087047,0.003160175057725782,10,10,1,10
office_home,dinov2_b14,Clipart,1,size,-1,Real World__block_03,1150,0.9704195694087047,0.9704195694087047,0.0,1,10,1,1
office_home,dinov2_b14,Clipart,1,spectrum_rank_l,-1,Real World__block_03,1150,0.9704195694087047,0.9704195694087047,0.0,1,10,1,1
office_home,dinov2_b14,Clipart,1,target_a,-1,Real World__block_03,1150,0.9704195694087047,0.9704195694087047,0.0,1,10,1,1
office_home,dinov2_b14,Clipart,1,target_energy,-1,Product__block_00,1142,0.9722414148583535,0.9704195694087047,0.0018773791327795382,6,10,1,5
office_home,dinov2_b14,Clipart,3,bayesian_d,-1,Product__block_00|Real World__block_02|Real World__block_03,3379,0.9678655793497302,0.9672901095727677,0.000594929867748371,108,10,0,4
office_home,dinov2_b14,Clipart,3,collapse_4s,-1,Product__block_00|Real World__block_01|Real World__block_03,3358,0.9679024744226319,0.9672901095727677,0.0006330725847436034,123,10,0,11
office_home,dinov2_b14,Clipart,3,domain_balance,-1,Art__block_01|Product__block_00|Real World__block_03,2934,0.9674323515036304,0.9672901095727677,0.00014705198518516588,10,10,1,28
office_home,dinov2_b14,Clipart,3,dpp_subspace,-1,Art__block_01|Product__block_00|Real World__block_03,2934,0.9674323515036304,0.9672901095727677,0.00014705198518516588,10,10,1,28
office_home,dinov2_b14,Clipart,3,effective_rank,-1,Art__block_00|Art__block_01|Real World__block_03,2400,0.9677219673617816,0.9672901095727677,0.0004464614956154493,48,10,0,146
office_home,dinov2_b14,Clipart,3,facility_subspace,-1,Art__block_02|Product__block_01|Real World__block_02,2781,0.9678302685106426,0.9672901095727677,0.0005584249570311675,95,10,0,98
office_home,dinov2_b14,Clipart,3,kcenter_subspace,-1,Art__block_03|Product__block_00|Real World__block_03,2874,0.9676866288680815,0.9672901095727677,0.00040992799511715,38,10,0,62
office_home,dinov2_b14,Clipart,3,random,0,Art__block_00|Product__block_02|Real World__block_02,2816,0.9675787715720828,0.9672901095727677,0.00029842339589577176,25,10,0,61
office_home,dinov2_b14,Clipart,3,random,1,Product__block_01|Real World__block_00|Real World__block_01,3219,0.9678987246964413,0.9672901095727677,0.0006291960577808646,122,10,0,27
office_home,dinov2_b14,Clipart,3,random,2,Art__block_01|Art__block_02|Real World__block_01,2303,0.9680176432406584,0.9672901095727677,0.0007521359524827834,149,10,0,177
office_home,dinov2_b14,Clipart,3,random,3,Art__block_01|Art__block_02|Real World__block_01,2303,0.9680176432406584,0.9672901095727677,0.0007521359524827834,149,10,0,177
office_home,dinov2_b14,Clipart,3,random,4,Art__block_02|Product__block_00|Real World__block_02,2824,0.9678743326087118,0.9672901095727677,0.0006039791270088714,113,10,0,76
office_home,dinov2_b14,Clipart,3,random,5,Product__block_02|Product__block_03|Real World__block_02,3285,0.968340751466739,0.9672901095727677,0.0010861704090361802,174,10,0,128
office_home,dinov2_b14,Clipart,3,random,6,Art__block_00|Real World__block_00|Real World__block_03,2812,0.9677241284433863,0.9672901095727677,0.00044869565637371703,49,10,0,49
office_home,dinov2_b14,Clipart,3,random,7,Art__block_00|Product__block_01|Real World__block_00,2761,0.9677359674825977,0.9672901095727677,0.00046093504463403376,54,10,0,104
office_home,dinov2_b14,Clipart,3,random,8,Art__block_02|Product__block_00|Real World__block_02,2824,0.9678743326087118,0.9672901095727677,0.0006039791270088714,113,10,0,76
office_home,dinov2_b14,Clipart,3,random,9,Art__block_00|Art__block_02|Product__block_00,2345,0.9681001040648385,0.9672901095727677,0.0008373852725822986,157,10,0,198
office_home,dinov2_b14,Clipart,3,random,10,Art__block_00|Product__block_01|Real World__block_00,2761,0.9677359674825977,0.9672901095727677,0.00046093504463403376,54,10,0,104
office_home,dinov2_b14,Clipart,3,random,11,Art__block_03|Real World__block_00|Real World__block_01,2702,0.9678050834803934,0.9672901095727677,0.0005323882695886598,82,10,0,101
office_home,dinov2_b14,Clipart,3,random,12,Art__block_03|Product__block_02|Real World__block_02,2790,0.9675938330387093,0.9672901095727677,0.00031399418120349595,26,10,0,74
office_home,dinov2_b14,Clipart,3,random,13,Art__block_02|Real World__block_00|Real World__block_01,2715,0.9678648728756413,0.9672901095727677,0.0005941995035257818,107,10,0,88
office_home,dinov2_b14,Clipart,3,random,14,Art__block_00|Art__block_03|Product__block_02,2311,0.9677838174309181,0.9672901095727677,0.0005104030872066443,72,10,0,196
office_home,dinov2_b14,Clipart,3,random,15,Art__block_02|Real World__block_00|Real World__block_03,2799,0.9677789922941069,0.9672901095727677,0.0005054147835287061,71,10,0,53
office_home,dinov2_b14,Clipart,3,random,16,Art__block_02|Real World__block_02|Real World__block_03,2832,0.9678697791828075,0.9672901095727677,0.0005992717224161157,110,10,0,50
office_home,dinov2_b14,Clipart,3,random,17,Art__block_01|Product__block_02|Real World__block_02,2850,0.9672901095727677,0.9672901095727677,0.0,1,10,1,33
office_home,dinov2_b14,Clipart,3,random,18,Art__block_01|Art__block_02|Product__block_02,2358,0.9677182185724663,0.9672901095727677,0.00044258593720933553,47,10,0,161
office_home,dinov2_b14,Clipart,3,random,19,Art__block_01|Product__block_03|Real World__block_03,2869,0.9673760872769721,0.9672901095727677,8.888512696811397e-05,5,10,1,38
office_home,dinov2_b14,Clipart,3,second_moment_mmd,-1,Art__block_00|Art__block_01|Product__block_03,2327,0.9677308539884758,0.9672901095727677,0.00045564863255217173,52,10,0,186
office_home,dinov2_b14,Clipart,3,size,-1,Product__block_00|Product__block_02|Real World__block_03,3413,0.9683009071394971,0.9672901095727677,0.0010449787056913485,173,10,0,86
office_home,dinov2_b14,Clipart,3,spectrum_rank_l,-1,Art__block_01|Product__block_00|Real World__block_03,2934,0.9674323515036304,0.9672901095727677,0.00014705198518516588,10,10,1,28
office_home,dinov2_b14,Clipart,3,target_a,-1,Real World__block_00|Real World__block_02|Real World__block_03,3291,0.9679292799194983,0.9672901095727677,0.0006607845365160034,133,10,0,1
office_home,dinov2_b14,Clipart,3,target_energy,-1,Product__block_00|Product__block_01|Product__block_02,3362,0.9700794862513578,0.9672901095727677,0.002883702263659078,218,10,0,214
office_home,dinov2_b14,Clipart,5,bayesian_d,-1,Product__block_00|Real World__block_00|Real World__block_01|Real World__block_02|Real World__block_03,5499,0.9671283750347109,0.9664366393194893,0.0007157589924453945,656,10,0,1
office_home,dinov2_b14,Clipart,5,collapse_4s,-1,Art__block_01|Product__block_00|Product__block_02|Real World__block_01|Real World__block_03,5121,0.9667971192169106,0.9664366393194893,0.00037299899730116074,286,10,0,62
office_home,dinov2_b14,Clipart,5,domain_balance,-1,Art__block_01|Product__block_00|Product__block_02|Real World__block_02|Real World__block_03,5142,0.9667528892349033,0.9664366393194893,0.00032723295304356274,216,10,0,32
office_home,dinov2_b14,Clipart,5,dpp_subspace,-1,Art__block_01|Art__block_02|Product__block_00|Real World__block_00|Real World__block_03,4583,0.966641651348745,0.9664366393194893,0.00021213188833576446,91,10,0,186
office_home,dinov2_b14,Clipart,5,effective_rank,-1,Art__block_00|Art__block_01|Art__block_03|Real World__block_02|Real World__block_03,4069,0.9667624101261203,0.9664366393194893,0.0003370844951205253,234,10,0,658
office_home,dinov2_b14,Clipart,5,facility_subspace,-1,Art__block_00|Art__block_01|Art__block_02|Product__block_01|Real World__block_02,4031,0.9666909022071941,0.9664366393194893,0.0002630931789629182,142,10,0,665
office_home,dinov2_b14,Clipart,5,kcenter_subspace,-1,Art__block_00|Art__block_01|Art__block_03|Product__block_00|Real World__block_03,4124,0.9665603857419338,0.9664366393194893,0.0001280440097259136,30,10,0,628
office_home,dinov2_b14,Clipart,5,random,0,Art__block_00|Art__block_02|Product__block_02|Product__block_03|Real World__block_02,4488,0.9669381123642677,0.9664366393194893,0.0005188886931393066,462,10,0,566
office_home,dinov2_b14,Clipart,5,random,1,Art__block_00|Art__block_03|Product__block_01|Real World__block_00|Real World__block_01,4409,0.9667486889345035,0.9664366393194893,0.00032288678048662876,206,10,0,451
office_home,dinov2_b14,Clipart,5,random,2,Art__block_00|Art__block_01|Art__block_02|Real World__block_01|Real World__block_02,3998,0.9669486342840791,0.9664366393194893,0.0005297760285146839,481,10,0,692
office_home,dinov2_b14,Clipart,5,random,3,Art__block_01|Art__block_02|Art__block_03|Product__block_03|Real World__block_01,3962,0.9667095717710666,0.9664366393194893,0.00028241111778369495,162,10,0,716
office_home,dinov2_b14,Clipart,5,random,4,Art__block_02|Product__block_00|Real World__block_00|Real World__block_01|Real World__block_02,4944,0.9669837913573864,0.9664366393194893,0.0005661540711891873,524,10,0,79
office_home,dinov2_b14,Clipart,5,random,5,Art__block_01|Product__block_02|Product__block_03|Real World__block_00|Real World__block_02,4981,0.9667451235903888,0.9664366393194893,0.0003191976156002163,200,10,0,114
office_home,dinov2_b14,Clipart,5,random,6,Art__block_00|Art__block_02|Art__block_03|Real World__block_00|Real World__block_03,3989,0.9668826945391953,0.9664366393194893,0.0004615462634157409,405,10,0,714
office_home,dinov2_b14,Clipart,5,random,7,Art__block_00|Product__block_01|Real World__block_00|Real World__block_01|Real World__block_03,4977,0.9668538116542408,0.9664366393194893,0.0004316603052686614,366,10,0,60
office_home,dinov2_b14,Clipart,5,random,8,Art__block_01|Art__block_02|Product__block_00|Real World__block_02|Real World__block_03,4616,0.9666915275573434,0.9664366393194893,0.00026374024688634735,143,10,0,167
office_home,dinov2_b14,Clipart,5,random,9,Art__block_00|Art__block_01|Art__block_02|Product__block_00|Real World__block_00,4041,0.9666780901262033,0.9664366393194893,0.0002498361474416176,125,10,0,663
office_home,dinov2_b14,Clipart,5,random,10,Art__block_00|Art__block_02|Art__block_03|Product__block_01|Real World__block_00,3938,0.9667726926178282,0.9664366393194893,0.0003477240872981455,248,10,0,732
office_home,dinov2_b14,Clipart,5,random,11,Art__block_00|Art__block_03|Product__block_02|Real World__block_00|Real World__block_01,4431,0.9666760724619677,0.9664366393194893,0.0002477484117810605,121,10,0,393
office_home,dinov2_b14,Clipart,5,random,12,Art__block_02|Art__block_03|Product__block_02|Real World__block_01|Real World__block_02,4451,0.9667547009353261,0.9664366393194893,0.00032910757197778407,222,10,0,389
office_home,dinov2_b14,Clipart,5,random,13,Art__block_02|Product__block_00|Real World__block_00|Real World__block_01|Real World__block_02,4944,0.9669837913573864,0.9664366393194893,0.0005661540711891873,524,10,0,79
office_home,dinov2_b14,Clipart,5,random,14,Art__block_00|Art__block_02|Art__block_03|Product__block_01|Product__block_02,4005,0.9670020786461377,0.9664366393194893,0.0005850764588629237,548,10,0,778
office_home,dinov2_b14,Clipart,5,random,15,Art__block_02|Product__block_02|Real World__block_00|Real World__block_02|Real World__block_03,5007,0.966834933969214,0.9664366393194893,0.00041212701745786104,338,10,0,26
office_home,dinov2_b14,Clipart,5,random,16,Art__block_00|Art__block_02|Real World__block_00|Real World__block_02|Real World__block_03,4494,0.9669812111186041,0.9664366393194893,0.0005634842233405809,520,10,0,355
office_home,dinov2_b14,Clipart,5,random,17,Art__block_01|Art__block_02|Product__block_02|Real World__block_00|Real World__block_02,4499,0.9665701583095797,0.9664366393194893,0.00013815596869797312,36,10,0,231
office_home,dinov2_b14,Clipart,5,random,18,Art__block_01|Art__block_02|Art__block_03|Product__block_02|Real World__block_01,4006,0.966638635236138,0.9664366393194893,0.0002090110292082324,89,10,0,684
office_home,dinov2_b14,Clipart,5,random,19,Art__block_00|Art__block_01|Product__block_03|Real World__block_02|Real World__block_03,4564,0.9665860663020962,0.9664366393194893,0.00015461642960071438,45,10,0,209
office_home,dinov2_b14,Clipart,5,second_moment_mmd,-1,Art__block_00|Art__block_01|Art__block_02|Art__block_03|Product__block_03,3504,0.9668859986868307,0.9664366393194893,0.0004649651607349819,407,10,0,790
office_home,dinov2_b14,Clipart,5,size,-1,Product__block_00|Product__block_01|Product__block_02|Real World__block_02|Real World__block_03,5599,0.9674741946046479,0.9664366393194893,0.0010735885240124746,755,10,0,328
office_home,dinov2_b14,Clipart,5,spectrum_rank_l,-1,Art__block_00|Art__block_01|Art__block_02|Product__block_00|Real World__block_03,4137,0.9666615011507673,0.9664366393194893,0.0002326710537758033,111,10,0,619
office_home,dinov2_b14,Clipart,5,target_a,-1,Product__block_00|Real World__block_00|Real World__block_01|Real World__block_02|Real World__block_03,5499,0.9671283750347109,0.9664366393194893,0.0007157589924453945,656,10,0,1
office_home,dinov2_b14,Clipart,5,target_energy,-1,Product__block_00|Product__block_01|Product__block_02|Product__block_03|Real World__block_03,5589,0.9680855695424343,0.9664366393194893,0.001706195891027138,786,10,0,726
office_home,dinov2_b14,Product,1,bayesian_d,-1,Real World__block_03,1150,0.9614924290802679,0.9614924290802679,0.0,1,10,1,1
office_home,dinov2_b14,Product,1,collapse_4s,-1,Real World__block_03,1150,0.9614924290802679,0.9614924290802679,0.0,1,10,1,1
office_home,dinov2_b14,Product,1,domain_balance,-1,Real World__block_03,1150,0.9614924290802679,0.9614924290802679,0.0,1,10,1,1
office_home,dinov2_b14,Product,1,dpp_subspace,-1,Real World__block_03,1150,0.9614924290802679,0.9614924290802679,0.0,1,10,1,1
office_home,dinov2_b14,Product,1,effective_rank,-1,Real World__block_03,1150,0.9614924290802679,0.9614924290802679,0.0,1,10,1,1
office_home,dinov2_b14,Product,1,facility_subspace,-1,Real World__block_00,1054,0.9619292822853397,0.9614924290802679,0.0004543490846721353,3,10,1,4
office_home,dinov2_b14,Product,1,kcenter_subspace,-1,Real World__block_03,1150,0.9614924290802679,0.9614924290802679,0.0,1,10,1,1
office_home,dinov2_b14,Product,1,random,0,Clipart__block_02,1059,0.9673380187692477,0.9614924290802679,0.006079704334824099,7,10,1,7
office_home,dinov2_b14,Product,1,random,1,Clipart__block_03,1104,0.9673377263995905,0.9614924290802679,0.006079400255823143,6,10,1,8
office_home,dinov2_b14,Product,1,random,2,Art__block_02,595,0.9707339552834938,0.9614924290802679,0.009611647397022229,12,10,0,11
office_home,dinov2_b14,Product,1,random,3,Clipart__block_03,1104,0.9673377263995905,0.9614924290802679,0.006079400255823143,6,10,1,8
office_home,dinov2_b14,Product,1,random,4,Clipart__block_01,1077,0.9673972901556467,0.9614924290802679,0.006141349527865959,8,10,1,6
office_home,dinov2_b14,Product,1,random,5,Clipart__block_02,1059,0.9673380187692477,0.9614924290802679,0.006079704334824099,7,10,1,7
office_home,dinov2_b14,Product,1,random,6,Art__block_00,608,0.9698883800726219,0.9614924290802679,0.00873220707560361,9,10,1,9
office_home,dinov2_b14,Product,1,random,7,Art__block_03,582,0.9703362588950386,0.9614924290802679,0.009198023351291947,10,10,1,12
office_home,dinov2_b14,Product,1,random,8,Art__block_03,582,0.9703362588950386,0.9614924290802679,0.009198023351291947,10,10,1,12
office_home,dinov2_b14,Product,1,random,9,Real World__block_03,1150,0.9614924290802679,0.9614924290802679,0.0,1,10,1,1
office_home,dinov2_b14,Product,1,random,10,Art__block_01,642,0.9704721298794569,0.9614924290802679,0.009339335940251407,11,10,0,10
office_home,dinov2_b14,Product,1,random,11,Real World__block_01,1066,0.9620008335593669,0.9614924290802679,0.0005287659722764318,4,10,1,2
office_home,dinov2_b14,Product,1,random,12,Clipart__block_01,1077,0.9673972901556467,0.9614924290802679,0.006141349527865959,8,10,1,6
office_home,dinov2_b14,Product,1,random,13,Art__block_00,608,0.9698883800726219,0.9614924290802679,0.00873220707560361,9,10,1,9
office_home,dinov2_b14,Product,1,random,14,Clipart__block_01,1077,0.9673972901556467,0.9614924290802679,0.006141349527865959,8,10,1,6
office_home,dinov2_b14,Product,1,random,15,Art__block_02,595,0.9707339552834938,0.9614924290802679,0.009611647397022229,12,10,0,11
office_home,dinov2_b14,Product,1,random,16,Clipart__block_03,1104,0.9673377263995905,0.9614924290802679,0.006079400255823143,6,10,1,8
office_home,dinov2_b14,Product,1,random,17,Real World__block_03,1150,0.9614924290802679,0.9614924290802679,0.0,1,10,1,1
office_home,dinov2_b14,Product,1,random,18,Art__block_00,608,0.9698883800726219,0.9614924290802679,0.00873220707560361,9,10,1,9
office_home,dinov2_b14,Product,1,random,19,Real World__block_00,1054,0.9619292822853397,0.9614924290802679,0.0004543490846721353,3,10,1,4
office_home,dinov2_b14,Product,1,second_moment_mmd,-1,Real World__block_01,1066,0.9620008335593669,0.9614924290802679,0.0005287659722764318,4,10,1,2
office_home,dinov2_b14,Product,1,size,-1,Real World__block_03,1150,0.9614924290802679,0.9614924290802679,0.0,1,10,1,1
office_home,dinov2_b14,Product,1,spectrum_rank_l,-1,Real World__block_03,1150,0.9614924290802679,0.9614924290802679,0.0,1,10,1,1
office_home,dinov2_b14,Product,1,target_a,-1,Real World__block_03,1150,0.9614924290802679,0.9614924290802679,0.0,1,10,1,1
office_home,dinov2_b14,Product,1,target_energy,-1,Clipart__block_03,1104,0.9673377263995905,0.9614924290802679,0.006079400255823143,6,10,1,8
office_home,dinov2_b14,Product,3,bayesian_d,-1,Clipart__block_00|Real World__block_02|Real World__block_03,3362,0.957452751231376,0.9571535325075934,0.0003126130903980189,8,10,1,5
office_home,dinov2_b14,Product,3,collapse_4s,-1,Clipart__block_00|Real World__block_02|Real World__block_03,3362,0.957452751231376,0.9571535325075934,0.0003126130903980189,8,10,1,5
office_home,dinov2_b14,Product,3,domain_balance,-1,Art__block_01|Clipart__block_00|Real World__block_03,2917,0.9588492572315948,0.9571535325075934,0.0017716329370470309,76,10,0,68
office_home,dinov2_b14,Product,3,dpp_subspace,-1,Art__block_01|Clipart__block_00|Real World__block_03,2917,0.9588492572315948,0.9571535325075934,0.0017716329370470309,76,10,0,68
office_home,dinov2_b14,Product,3,effective_rank,-1,Art__block_00|Art__block_01|Real World__block_03,2400,0.9596047284879282,0.9571535325075934,0.0025609224613245465,143,10,0,141
office_home,dinov2_b14,Product,3,facility_subspace,-1,Art__block_02|Clipart__block_01|Real World__block_00,2726,0.9592618446455778,0.9571535325075934,0.0022026896066099327,137,10,0,134
office_home,dinov2_b14,Product,3,kcenter_subspace,-1,Art__block_03|Clipart__block_00|Real World__block_03,2857,0.958804749703734,0.9571535325075934,0.0017251330534346504,68,10,0,82
office_home,dinov2_b14,Product,3,random,0,Art__block_03|Clipart__block_02|Real World__block_02,2728,0.9588904337095132,0.9571535325075934,0.0018146526580426613,83,10,0,127
office_home,dinov2_b14,Product,3,random,1,Art__block_01|Art__block_03|Clipart__block_03,2328,0.9622143256453493,0.9571535325075934,0.005287336843962096,184,10,0,209
office_home,dinov2_b14,Product,3,random,2,Art__block_02|Art__block_03|Real World__block_02,2264,0.9598562704912302,0.9571535325075934,0.002823724608272715,151,10,0,160
office_home,dinov2_b14,Product,3,random,3,Clipart__block_00|Clipart__block_01|Clipart__block_03,3306,0.9628714686306218,0.9571535325075934,0.005973896484556972,216,10,0,191
office_home,dinov2_b14,Product,3,random,4,Art__block_02|Clipart__block_01|Real World__block_02,2759,0.959032027460547,0.9571535325075934,0.0019625847778384146,106,10,0,113
office_home,dinov2_b14,Product,3,random,5,Art__block_01|Clipart__block_01|Clipart__block_02,2778,0.9622456738440991,0.9571535325075934,0.005320088328112929,187,10,0,171
office_home,dinov2_b14,Product,3,random,6,Art__block_00|Art__block_02|Art__block_03,1785,0.9642569891379819,0.9571535325075934,0.007421439078617325,218,10,0,219
office_home,dinov2_b14,Product,3,random,7,Art__block_02|Art__block_03|Clipart__block_03,2281,0.962440834453965,0.9571535325075934,0.0055239851986125,201,10,0,215
office_home,dinov2_b14,Product,3,random,8,Art__block_03|Clipart__block_01|Real World__block_00,2713,0.9590699661825958,0.9571535325075934,0.002002221806549284,113,10,0,136
office_home,dinov2_b14,Product,3,random,9,Clipart__block_02|Real World__block_00|Real World__block_03,3263,0.9575280237745596,0.9571535325075934,0.00039125516883910445,14,10,0,21
office_home,dinov2_b14,Product,3,random,10,Art__block_01|Clipart__block_00|Clipart__block_01,2844,0.9622542047817011,0.9571535325075934,0.005329001148587668,188,10,0,165
office_home,dinov2_b14,Product,3,random,11,Art__block_00|Art__block_02|Real World__block_01,2269,0.9601194253358412,0.9571535325075934,0.0030986594391785773,161,10,0,152
office_home,dinov2_b14,Product,3,random,12,Art__block_00|Clipart__block_01|Clipart__block_02,2744,0.962028800040664,0.9571535325075934,0.005093506284512389,171,10,0,172
office_home,dinov2_b14,Product,3,random,13,Art__block_00|Art__block_02|Clipart__block_03,2307,0.9624276355257328,0.9571535325075934,0.005510195427396203,198,10,0,205
office_home,dinov2_b14,Product,3,random,14,Art__block_00|Clipart__block_01|Real World__block_00,2739,0.9590841395649514,0.9571535325075934,0.002017029652808307,118,10,0,131
office_home,dinov2_b14,Product,3,random,15,Art__block_02|Art__block_03|Real World__block_02,2264,0.9598562704912302,0.9571535325075934,0.002823724608272715,151,10,0,160
office_home,dinov2_b14,Product,3,random,16,Art__block_02|Clipart__block_00|Clipart__block_03,2824,0.9623017128626079,0.9571535325075934,0.005378635903403175,190,10,0,178
office_home,dinov2_b14,Product,3,random,17,Art__block_00|Clipart__block_01|Real World__block_03,2835,0.9588668755522151,0.9571535325075934,0.0017900399323951522,79,10,0,85
office_home,dinov2_b14,Product,3,random,18,Art__block_00|Real World__block_00|Real World__block_03,2812,0.9580144105295743,0.9571535325075934,0.0008994147675822754,37,10,0,42
office_home,dinov2_b14,Product,3,random,19,Art__block_02|Real World__block_00|Real World__block_02,2736,0.95826839911036,0.9571535325075934,0.0011647730117506116,51,10,0,63
office_home,dinov2_b14,Product,3,second_moment_mmd,-1,Real World__block_00|Real World__block_01|Real World__block_02,3207,0.9572789317288757,0.9571535325075934,0.00013101265055541283,4,10,1,6
office_home,dinov2_b14,Product,3,size,-1,Clipart__block_00|Clipart__block_03|Real World__block_03,3379,0.9587374124572631,0.9571535325075934,0.0016547814910322354,56,10,0,44
office_home,dinov2_b14,Product,3,spectrum_rank_l,-1,Art__block_03|Clipart__block_01|Real World__block_03,2809,0.9588117080987123,0.9571535325075934,0.0017324029372537061,71,10,0,94
office_home,dinov2_b14,Product,3,target_a,-1,Real World__block_01|Real World__block_02|Real World__block_03,3303,0.9571656564682038,0.9571535325075934,1.2666683242229878e-05,2,10,1,1
office_home,dinov2_b14,Product,3,target_energy,-1,Clipart__block_00|Clipart__block_03|Real World__block_03,3379,0.9587374124572631,0.9571535325075934,0.0016547814910322354,56,10,0,44
office_home,dinov2_b14,Product,5,bayesian_d,-1,Clipart__block_00|Real World__block_00|Real World__block_01|Real World__block_02|Real World__block_03,5482,0.9560463655520574,0.9559839134839317,6.532753035352888e-05,4,10,1,1
office_home,dinov2_b14,Product,5,collapse_4s,-1,Clipart__block_00|Clipart__block_01|Real World__block_01|Real World__block_02|Real World__block_03,5505,0.9563962248248765,0.9559839134839317,0.0004312952709027997,22,10,0,5
office_home,dinov2_b14,Product,5,domain_balance,-1,Art__block_01|Clipart__block_00|Clipart__block_03|Real World__block_02|Real World__block_03,5108,0.956945071519686,0.9559839134839317,0.0010054123528621547,123,10,0,106
office_home,dinov2_b14,Product,5,dpp_subspace,-1,Art__block_01|Art__block_02|Clipart__block_00|Real World__block_02|Real World__block_03,4599,0.9572452681257138,0.9559839134839317,0.001319430823040946,327,10,0,278
office_home,dinov2_b14,Product,5,effective_rank,-1,Art__block_00|Art__block_01|Art__block_03|Real World__block_02|Real World__block_03,4069,0.9576015541012325,0.9559839134839317,0.0016921211690743908,433,10,0,504
office_home,dinov2_b14,Product,5,facility_subspace,-1,Art__block_00|Art__block_01|Art__block_02|Clipart__block_01|Real World__block_00,3976,0.9587275537432652,0.9559839134839317,0.0028699648818720485,725,10,0,715
office_home,dinov2_b14,Product,5,kcenter_subspace,-1,Art__block_00|Art__block_01|Art__block_03|Clipart__block_00|Real World__block_03,4107,0.9583438195884713,0.9559839134839317,0.0024685625681076656,610,10,0,669
office_home,dinov2_b14,Product,5,random,0,Art__block_01|Art__block_03|Clipart__block_02|Clipart__block_03|Real World__block_02,4474,0.9580412013286254,0.9559839134839317,0.0021520109446153254,466,10,0,595
office_home,dinov2_b14,Product,5,random,1,Art__block_01|Art__block_03|Clipart__block_00|Clipart__block_02|Clipart__block_03,4512,0.9603982070227551,0.9559839134839317,0.004617539559568734,742,10,0,749
office_home,dinov2_b14,Product,5,random,2,Art__block_01|Art__block_02|Art__block_03|Real World__block_00|Real World__block_02,3960,0.957883646071508,0.9559839134839317,0.001987201417075083,450,10,0,652
office_home,dinov2_b14,Product,5,random,3,Art__block_00|Clipart__block_00|Clipart__block_01|Clipart__block_03|Real World__block_02,5001,0.9581638862539404,0.9559839134839317,0.002280344615908999,513,10,0,462
office_home,dinov2_b14,Product,5,random,4,Art__block_02|Clipart__block_00|Clipart__block_01|Real World__block_01|Real World__block_02,4950,0.9572157584204971,0.9559839134839317,0.0012885624111352452,309,10,0,160
office_home,dinov2_b14,Product,5,random,5,Art__block_01|Art__block_03|Clipart__block_01|Clipart__block_02|Real World__block_01,4426,0.958345635032498,0.9559839134839317,0.0024704616000904944,612,10,0,586
office_home,dinov2_b14,Product,5,random,6,Art__block_00|Art__block_02|Art__block_03|Clipart__block_01|Real World__block_03,4012,0.9584320920891602,0.9559839134839317,0.002560899373616553,655,10,0,688
office_home,dinov2_b14,Product,5,random,7,Art__block_00|Art__block_02|Art__block_03|Clipart__block_03|Real World__block_00,3943,0.9585843521093629,0.9559839134839317,0.0027201698572042366,702,10,0,731
office_home,dinov2_b14,Product,5,random,8,Art__block_03|Clipart__block_00|Clipart__block_01|Real World__block_00|Real World__block_03,4988,0.9571138079518132,0.9559839134839317,0.0011819178669688643,226,10,0,198
office_home,dinov2_b14,Product,5,random,9,Clipart__block_02|Clipart__block_03|Real World__block_00|Real World__block_02|Real World__block_03,5454,0.9562927563423633,0.9559839134839317,0.0003230628194422756,6,10,1,25
office_home,dinov2_b14,Product,5,random,10,Art__block_01|Art__block_02|Clipart__block_00|Clipart__block_01|Clipart__block_02,4498,0.9606896420192219,0.9559839134839317,0.004922393011971179,780,10,0,740
office_home,dinov2_b14,Product,5,random,11,Art__block_00|Art__block_02|Clipart__block_02|Clipart__block_03|Real World__block_01,4432,0.958307025000079,0.9559839134839317,0.0024300738572902015,592,10,0,618
office_home,dinov2_b14,Product,5,random,12,Art__block_00|Art__block_01|Clipart__block_01|Clipart__block_02|Real World__block_01,4452,0.9583629640996318,0.9559839134839317,0.0024885885443720734,621,10,0,540
office_home,dinov2_b14,Product,5,random,13,Art__block_00|Art__block_02|Clipart__block_03|Real World__block_01|Real World__block_02,4460,0.9573173877378014,0.9559839134839317,0.0013948710172433899,372,10,0,373
office_home,dinov2_b14,Product,5,random,14,Art__block_00|Clipart__block_01|Clipart__block_02|Real World__block_00|Real World__block_03,4948,0.9570962026051936,0.9559839134839317,0.001163501922546229,212,10,0,221
office_home,dinov2_b14,Product,5,random,15,Art__block_02|Art__block_03|Clipart__block_00|Clipart__block_03|Real World__block_02,4493,0.9582325898907557,0.9559839134839317,0.002352211554092964,544,10,0,611
office_home,dinov2_b14,Product,5,random,16,Art__block_02|Clipart__block_00|Clipart__block_03|Real World__block_00|Real World__block_01,4944,0.9572754524527165,0.9559839134839317,0.0013510049181454807,346,10,0,231
office_home,dinov2_b14,Product,5,random,17,Art__block_00|Clipart__block_01|Clipart__block_03|Real World__block_00|Real World__block_03,4993,0.9570663667029804,0.9559839134839317,0.0011322922946515096,186,10,0,215
office_home,dinov2_b14,Product,5,random,18,Art__block_00|Art__block_03|Clipart__block_03|Real World__block_00|Real World__block_03,4498,0.957140455282236,0.9559839134839317,0.001209792112598876,250,10,0,392
office_home,dinov2_b14,Product,5,random,19,Art__block_02|Clipart__block_02|Clipart__block_03|Real World__block_00|Real World__block_02,4899,0.9571279755737802,0.9559839134839317,0.0011967378045923962,242,10,0,284
office_home,dinov2_b14,Product,5,second_moment_mmd,-1,Art__block_03|Real World__block_00|Real World__block_01|Real World__block_02|Real World__block_03,4939,0.9563355725332127,0.9559839134839317,0.0003678503835899824,11,10,0,50
office_home,dinov2_b14,Product,5,size,-1,Clipart__block_00|Clipart__block_01|Clipart__block_03|Real World__block_02|Real World__block_03,5543,0.9570288226103842,0.9559839134839317,0.0010930195704282222,157,10,0,99
office_home,dinov2_b14,Product,5,spectrum_rank_l,-1,Art__block_00|Art__block_01|Art__block_03|Clipart__block_01|Real World__block_03,4059,0.9583411565140213,0.9559839134839317,0.002465776878503062,608,10,0,674
office_home,dinov2_b14,Product,5,target_a,-1,Clipart__block_00|Real World__block_00|Real World__block_01|Real World__block_02|Real World__block_03,5482,0.9560463655520574,0.9559839134839317,6.532753035352888e-05,4,10,1,1
office_home,dinov2_b14,Product,5,target_energy,-1,Clipart__block_00|Clipart__block_01|Clipart__block_02|Clipart__block_03|Real World__block_03,5515,0.9582795282910623,0.9559839134839317,0.0024013111253771854,574,10,0,450
office_home,dinov2_b14,Real World,1,bayesian_d,-1,Product__block_00,1142,0.9635423561320229,0.9635423561320229,0.0,1,10,1,1
office_home,dinov2_b14,Real World,1,collapse_4s,-1,Clipart__block_00,1125,0.9669425323409759,0.9635423561320229,0.003528828999902489,6,10,1,7
office_home,dinov2_b14,Real World,1,domain_balance,-1,Product__block_00,1142,0.9635423561320229,0.9635423561320229,0.0,1,10,1,1
office_home,dinov2_b14,Real World,1,dpp_subspace,-1,Clipart__block_00,1125,0.9669425323409759,0.9635423561320229,0.003528828999902489,6,10,1,7
office_home,dinov2_b14,Real World,1,effective_rank,-1,Clipart__block_00,1125,0.9669425323409759,0.9635423561320229,0.003528828999902489,6,10,1,7
office_home,dinov2_b14,Real World,1,facility_subspace,-1,Clipart__block_02,1059,0.9670339881657066,0.9635423561320229,0.0036237452473810374,8,10,1,5
office_home,dinov2_b14,Real World,1,kcenter_subspace,-1,Clipart__block_00,1125,0.9669425323409759,0.9635423561320229,0.003528828999902489,6,10,1,7
office_home,dinov2_b14,Real World,1,random,0,Art__block_03,581,0.9680868668538648,0.9635423561320229,0.00471646180670779,12,10,0,12
office_home,dinov2_b14,Real World,1,random,1,Product__block_03,1077,0.9640614855784353,0.9635423561320229,0.0005387717967027117,4,10,1,3
office_home,dinov2_b14,Real World,1,random,2,Product__block_00,1142,0.9635423561320229,0.9635423561320229,0.0,1,10,1,1
office_home,dinov2_b14,Real World,1,random,3,Art__block_03,581,0.9680868668538648,0.9635423561320229,0.00471646180670779,12,10,0,12
office_home,dinov2_b14,Real World,1,random,4,Art__block_00,605,0.9667605667782264,0.9635423561320229,0.0033399783888302475,5,10,1,9
office_home,dinov2_b14,Real World,1,random,5,Product__block_01,1099,0.9639907843061005,0.9635423561320229,0.0004653953935951302,3,10,1,4
office_home,dinov2_b14,Real World,1,random,6,Clipart__block_00,1125,0.9669425323409759,0.9635423561320229,0.003528828999902489,6,10,1,7
office_home,dinov2_b14,Real World,1,random,7,Product__block_03,1077,0.9640614855784353,0.9635423561320229,0.0005387717967027117,4,10,1,3
office_home,dinov2_b14,Real World,1,random,8,Clipart__block_02,1059,0.9670339881657066,0.9635423561320229,0.0036237452473810374,8,10,1,5
office_home,dinov2_b14,Real World,1,random,9,Product__block_01,1099,0.9639907843061005,0.9635423561320229,0.0004653953935951302,3,10,1,4
office_home,dinov2_b14,Real World,1,random,10,Art__block_03,581,0.9680868668538648,0.9635423561320229,0.00471646180670779,12,10,0,12
office_home,dinov2_b14,Real World,1,random,11,Art__block_02,592,0.9677868706590586,0.9635423561320229,0.0044051146273159725,11,10,0,11
office_home,dinov2_b14,Real World,1,random,12,Clipart__block_00,1125,0.9669425323409759,0.9635423561320229,0.003528828999902489,6,10,1,7
office_home,dinov2_b14,Real World,1,random,13,Art__block_02,592,0.9677868706590586,0.9635423561320229,0.0044051146273159725,11,10,0,11
office_home,dinov2_b14,Real World,1,random,14,Clipart__block_03,1104,0.9671356162373854,0.9635423561320229,0.0037292186300839658,9,10,1,6
office_home,dinov2_b14,Real World,1,random,15,Art__block_02,592,0.9677868706590586,0.9635423561320229,0.0044051146273159725,11,10,0,11
office_home,dinov2_b14,Real World,1,random,16,Clipart__block_02,1059,0.9670339881657066,0.9635423561320229,0.0036237452473810374,8,10,1,5
office_home,dinov2_b14,Real World,1,random,17,Art__block_00,605,0.9667605667782264,0.9635423561320229,0.0033399783888302475,5,10,1,9
office_home,dinov2_b14,Real World,1,random,18,Product__block_01,1099,0.9639907843061005,0.9635423561320229,0.0004653953935951302,3,10,1,4
office_home,dinov2_b14,Real World,1,random,19,Art__block_02,592,0.9677868706590586,0.9635423561320229,0.0044051146273159725,11,10,0,11
office_home,dinov2_b14,Real World,1,second_moment_mmd,-1,Art__block_00,605,0.9667605667782264,0.9635423561320229,0.0033399783888302475,5,10,1,9
office_home,dinov2_b14,Real World,1,size,-1,Product__block_00,1142,0.9635423561320229,0.9635423561320229,0.0,1,10,1,1
office_home,dinov2_b14,Real World,1,spectrum_rank_l,-1,Art__block_00,605,0.9667605667782264,0.9635423561320229,0.0033399783888302475,5,10,1,9
office_home,dinov2_b14,Real World,1,target_a,-1,Product__block_00,1142,0.9635423561320229,0.9635423561320229,0.0,1,10,1,1
office_home,dinov2_b14,Real World,1,target_energy,-1,Product__block_00,1142,0.9635423561320229,0.9635423561320229,0.0,1,10,1,1
office_home,dinov2_b14,Real World,3,bayesian_d,-1,Clipart__block_00|Product__block_00|Product__block_02,3388,0.9580193650487289,0.9570354920456785,0.001028042336180571,118,10,0,43
office_home,dinov2_b14,Real World,3,collapse_4s,-1,Clipart__block_00|Clipart__block_03|Product__block_00,3371,0.9584817306356644,0.9570354920456785,0.0015111650529225197,143,10,0,114
office_home,dinov2_b14,Real World,3,domain_balance,-1,Art__block_01|Clipart__block_00|Product__block_00,2904,0.9574063104546601,0.9570354920456785,0.00038746568132905457,47,10,0,3
office_home,dinov2_b14,Real World,3,dpp_subspace,-1,Art__block_01|Clipart__block_00|Product__block_00,2904,0.9574063104546601,0.9570354920456785,0.00038746568132905457,47,10,0,3
office_home,dinov2_b14,Real World,3,effective_rank,-1,Art__block_00|Art__block_01|Clipart__block_00,2367,0.9596002703456151,0.9570354920456785,0.002679919732605075,171,10,0,169
office_home,dinov2_b14,Real World,3,facility_subspace,-1,Art__block_02|Clipart__block_02|Product__block_01,2750,0.9576043478160383,0.9570354920456785,0.0005943935988662997,76,10,0,57
office_home,dinov2_b14,Real World,3,kcenter_subspace,-1,Art__block_03|Clipart__block_00|Product__block_00,2848,0.9577783242937886,0.9570354920456785,0.0007761804596424099,97,10,0,60
office_home,dinov2_b14,Real World,3,random,0,Art__block_03|Clipart__block_03|Product__block_00,2827,0.9576368167936032,0.9570354920456785,0.0006283202168807713,81,10,0,58
office_home,dinov2_b14,Real World,3,random,1,Art__block_01|Art__block_03|Product__block_03,2295,0.9576831693799502,0.9570354920456785,0.0006767537250758737,85,10,0,155
office_home,dinov2_b14,Real World,3,random,2,Clipart__block_01|Product__block_00|Product__block_02,3340,0.9578817269635954,0.9570354920456785,0.00088422521938875,106,10,0,56
office_home,dinov2_b14,Real World,3,random,3,Art__block_03|Clipart__block_03|Product__block_03,2762,0.9579198353036028,0.9570354920456785,0.0009240443695917745,112,10,0,91
office_home,dinov2_b14,Real World,3,random,4,Art__block_00|Clipart__block_00|Clipart__block_02,2789,0.9600190856576711,0.9570354920456785,0.0031175370577063463,189,10,0,166
office_home,dinov2_b14,Real World,3,random,5,Art__block_00|Product__block_00|Product__block_01,2846,0.9572734241920914,0.9570354920456785,0.00024861371222951653,20,10,0,61
office_home,dinov2_b14,Real World,3,random,6,Art__block_00|Art__block_01|Clipart__block_00,2367,0.9596002703456151,0.9570354920456785,0.002679919732605075,171,10,0,169
office_home,dinov2_b14,Real World,3,random,7,Art__block_01|Art__block_02|Product__block_03,2306,0.95758255737214,0.9570354920456785,0.0005716249094296147,71,10,0,147
office_home,dinov2_b14,Real World,3,random,8,Clipart__block_01|Clipart__block_02|Product__block_02,3257,0.9585573754714264,0.9570354920456785,0.0015902058370843,149,10,0,132
office_home,dinov2_b14,Real World,3,random,9,Clipart__block_01|Product__block_01|Product__block_02,3297,0.9579252388320549,0.9570354920456785,0.0009296904804173826,113,10,0,89
office_home,dinov2_b14,Real World,3,random,10,Art__block_00|Art__block_03|Product__block_02,2307,0.9572426750453027,0.9570354920456785,0.0002164841339178887,15,10,0,151
office_home,dinov2_b14,Real World,3,random,11,Art__block_02|Clipart__block_02|Product__block_03,2728,0.9578207865557075,0.9570354920456785,0.0008205489937999854,101,10,0,78
office_home,dinov2_b14,Real World,3,random,12,Art__block_02|Clipart__block_00|Clipart__block_03,2821,0.9604574100214516,0.9570354920456785,0.0035755392607840137,206,10,0,187
office_home,dinov2_b14,Real World,3,random,13,Art__block_02|Product__block_00|Product__block_01,2833,0.9576404556453585,0.9570354920456785,0.0006321224288002809,82,10,0,100
office_home,dinov2_b14,Real World,3,random,14,Clipart__block_00|Clipart__block_03|Product__block_02,3350,0.958624872858208,0.9570354920456785,0.001660733406168809,153,10,0,127
office_home,dinov2_b14,Real World,3,random,15,Art__block_00|Art__block_02|Clipart__block_02,2256,0.9596295079148541,0.9570354920456785,0.002710469873620753,173,10,0,185
office_home,dinov2_b14,Real World,3,random,16,Art__block_01|Clipart__block_02|Product__block_02,2817,0.957359551000629,0.9570354920456785,0.0003386070398055843,38,10,0,14
office_home,dinov2_b14,Real World,3,random,17,Art__block_00|Clipart__block_01|Product__block_03,2759,0.9573367950397778,0.9570354920456785,0.0003148294881469973,32,10,0,30
office_home,dinov2_b14,Real World,3,random,18,Clipart__block_00|Product__block_01|Product__block_02,3345,0.9580697036055221,0.9570354920456785,0.001080640758299339,123,10,0,81
office_home,dinov2_b14,Real World,3,random,19,Art__block_02|Clipart__block_03|Product__block_03,2773,0.9577273295401908,0.9570354920456785,0.0007228963818609061,92,10,0,54
office_home,dinov2_b14,Real World,3,second_moment_mmd,-1,Art__block_00|Art__block_02|Product__block_01,2296,0.9573799297018377,0.9570354920456785,0.00035990060872556813,41,10,0,145
office_home,dinov2_b14,Real World,3,size,-1,Clipart__block_00|Product__block_00|Product__block_02,3388,0.9580193650487289,0.9570354920456785,0.001028042336180571,118,10,0,43
office_home,dinov2_b14,Real World,3,spectrum_rank_l,-1,Art__block_00|Clipart__block_01|Product__block_02,2803,0.9571149610720083,0.9570354920456785,8.303665536996919e-05,5,10,1,18
office_home,dinov2_b14,Real World,3,target_a,-1,Art__block_00|Clipart__block_03|Product__block_00,2851,0.9570683620523767,0.9570354920456785,3.434565067999729e-05,2,10,1,1
office_home,dinov2_b14,Real World,3,target_energy,-1,Product__block_00|Product__block_01|Product__block_02,3362,0.9592442352909994,0.9570354920456785,0.0023079010796137975,161,10,0,159
office_home,dinov2_b14,Real World,5,bayesian_d,-1,Clipart__block_00|Clipart__block_03|Product__block_00|Product__block_01|Product__block_02,5591,0.9564074022741328,0.9551876599954359,0.001276966118576899,616,10,0,408
office_home,dinov2_b14,Real World,5,collapse_4s,-1,Clipart__block_00|Clipart__block_01|Clipart__block_03|Product__block_00|Product__block_02,5569,0.9566914493006643,0.9551876599954359,0.0015743391253982665,683,10,0,647
office_home,dinov2_b14,Real World,5,domain_balance,-1,Art__block_01|Clipart__block_00|Clipart__block_03|Product__block_00|Product__block_02,5129,0.9557825711704473,0.9551876599954359,0.0006228212527518082,257,10,0,26
office_home,dinov2_b14,Real World,5,dpp_subspace,-1,Art__block_01|Art__block_02|Clipart__block_00|Clipart__block_03|Product__block_00,4600,0.956120391994947,0.9551876599954359,0.0009764908389997599,533,10,0,377
office_home,dinov2_b14,Real World,5,effective_rank,-1,Art__block_00|Art__block_01|Art__block_02|Art__block_03|Clipart__block_00,3540,0.957965316047327,0.9551876599954359,0.0029079689449761606,758,10,0,787
office_home,dinov2_b14,Real World,5,facility_subspace,-1,Art__block_00|Art__block_01|Art__block_02|Clipart__block_02|Product__block_01,3992,0.9557604648063629,0.9551876599954359,0.0005996777752863422,235,10,0,537
office_home,dinov2_b14,Real World,5,kcenter_subspace,-1,Art__block_00|Art__block_01|Art__block_03|Clipart__block_00|Product__block_00,4090,0.9558265802432627,0.9551876599954359,0.0006688949979001093,292,10,0,500
office_home,dinov2_b14,Real World,5,random,0,Art__block_01|Art__block_03|Clipart__block_03|Product__block_00|Product__block_03,4541,0.9556237219614272,0.9551876599954359,0.0004565196811623526,142,10,0,198
office_home,dinov2_b14,Real World,5,random,1,Art__block_01|Art__block_02|Art__block_03|Clipart__block_02|Product__block_03,3946,0.956167004845453,0.9551876599954359,0.001025290517281013,558,10,0,700
office_home,dinov2_b14,Real World,5,random,2,Clipart__block_00|Clipart__block_01|Clipart__block_02|Product__block_00|Product__block_02,5524,0.9567499152074721,0.9551876599954359,0.0016355479425306846,701,10,0,636
office_home,dinov2_b14,Real World,5,random,3,Art__block_03|Clipart__block_00|Clipart__block_02|Clipart__block_03|Product__block_03,4946,0.9569853452307218,0.9551876599954359,0.0018820230940739802,731,10,0,722
office_home,dinov2_b14,Real World,5,random,4,Art__block_00|Art__block_02|Clipart__block_00|Clipart__block_01|Clipart__block_02,4458,0.9581622534762582,0.9551876599954359,0.0031141456337873017,773,10,0,755
office_home,dinov2_b14,Real World,5,random,5,Art__block_00|Art__block_01|Art__block_03|Product__block_00|Product__block_01,4064,0.9554010705620263,0.9551876599954359,0.00022342265873852518,39,10,0,559
office_home,dinov2_b14,Real World,5,random,6,Art__block_00|Art__block_01|Clipart__block_00|Product__block_00|Product__block_03,4586,0.9554021440406423,0.9551876599954359,0.00022454649927893103,40,10,0,14
office_home,dinov2_b14,Real World,5,random,7,Art__block_01|Art__block_02|Product__block_00|Product__block_02|Product__block_03,4569,0.9556566041667907,0.9551876599954359,0.0004909445452394466,163,10,0,386
office_home,dinov2_b14,Real World,5,random,8,Clipart__block_01|Clipart__block_02|Product__block_01|Product__block_02|Product__block_03,5433,0.9565598107954395,0.9551876599954359,0.0014365248395380148,650,10,0,557
office_home,dinov2_b14,Real World,5,random,9,Art__block_03|Clipart__block_01|Clipart__block_03|Product__block_01|Product__block_02,4982,0.9559209793721893,0.9551876599954359,0.0007677228333927344,366,10,0,317
office_home,dinov2_b14,Real World,5,random,10,Art__block_00|Art__block_03|Clipart__block_01|Product__block_02|Product__block_03,4461,0.9554817784312997,0.9551876599954359,0.00030791691327461743,76,10,0,246
office_home,dinov2_b14,Real World,5,random,11,Art__block_02|Art__block_03|Clipart__block_02|Product__block_00|Product__block_03,4451,0.9559550237709632,0.9551876599954359,0.0008033644148323656,398,10,0,380
office_home,dinov2_b14,Real World,5,random,12,Art__block_02|Art__block_03|Clipart__block_00|Clipart__block_01|Clipart__block_03,4479,0.9585925825796072,0.9551876599954359,0.003564663496791431,788,10,0,783
office_home,dinov2_b14,Real World,5,random,13,Art__block_01|Art__block_02|Clipart__block_03|Product__block_00|Product__block_01,4574,0.9554571057048065,0.9551876599954359,0.0002820866732845822,63,10,0,78
office_home,dinov2_b14,Real World,5,random,14,Art__block_01|Clipart__block_00|Clipart__block_01|Clipart__block_03|Product__block_02,5064,0.9566276208343739,0.9551876599954359,0.00150751616592799,670,10,0,582
office_home,dinov2_b14,Real World,5,random,15,Art__block_00|Art__block_01|Art__block_02|Art__block_03|Clipart__block_02,3474,0.9578438379654631,0.9551876599954359,0.002780791755663965,753,10,0,789
office_home,dinov2_b14,Real World,5,random,16,Art__block_01|Clipart__block_00|Clipart__block_02|Product__block_00|Product__block_02,5084,0.9558352117117568,0.9551876599954359,0.0006779314091264638,300,10,0,33
office_home,dinov2_b14,Real World,5,random,17,Art__block_00|Clipart__block_00|Clipart__block_01|Clipart__block_03|Product__block_03,4988,0.9565671922948127,0.9551876599954359,0.0014442526397204602,655,10,0,588
office_home,dinov2_b14,Real World,5,random,18,Art__block_00|Art__block_01|Clipart__block_00|Product__block_01|Product__block_02,4587,0.9553208338731924,0.9551876599954359,0.0001394216899297175,18,10,0,6
office_home,dinov2_b14,Real World,5,random,19,Art__block_01|Art__block_02|Art__block_03|Clipart__block_03|Product__block_03,3991,0.9561175824752725,0.9551876599954359,0.0009735495115598858,530,10,0,668
office_home,dinov2_b14,Real World,5,second_moment_mmd,-1,Art__block_00|Art__block_01|Art__block_02|Product__block_00|Product__block_01,4075,0.9553972353546832,0.9551876599954359,0.00021940752380361875,37,10,0,513
office_home,dinov2_b14,Real World,5,size,-1,Clipart__block_00|Clipart__block_03|Product__block_00|Product__block_01|Product__block_02,5591,0.9564074022741328,0.9551876599954359,0.001276966118576899,616,10,0,408
office_home,dinov2_b14,Real World,5,spectrum_rank_l,-1,Art__block_00|Art__block_01|Art__block_03|Clipart__block_01|Product__block_02,4021,0.9556350421021998,0.9551876599954359,0.00046837090291359124,151,10,0,544
office_home,dinov2_b14,Real World,5,target_a,-1,Art__block_00|Art__block_01|Clipart__block_03|Product__block_00|Product__block_02,4609,0.9551876599954359,0.9551876599954359,0.0,1,10,1,1
office_home,dinov2_b14,Real World,5,target_energy,-1,Clipart__block_03|Product__block_00|Product__block_01|Product__block_02|Product__block_03,5543,0.9567659405594215,0.9551876599954359,0.0016523251190171577,703,10,0,603
